{
 "cells": [
  {
   "cell_type": "code",
   "execution_count": 2,
   "metadata": {},
   "outputs": [],
   "source": [
    "import pandas as pd\n",
    "import numpy as np\n",
    "from matplotlib import pyplot as plt\n",
    "import seaborn as sns\n",
    "%matplotlib inline\n",
    "from sklearn.linear_model import LinearRegression"
   ]
  },
  {
   "cell_type": "markdown",
   "metadata": {},
   "source": [
    "# Using Linear SVM"
   ]
  },
  {
   "cell_type": "code",
   "execution_count": 3,
   "metadata": {},
   "outputs": [
    {
     "data": {
      "text/html": [
       "<div>\n",
       "<style scoped>\n",
       "    .dataframe tbody tr th:only-of-type {\n",
       "        vertical-align: middle;\n",
       "    }\n",
       "\n",
       "    .dataframe tbody tr th {\n",
       "        vertical-align: top;\n",
       "    }\n",
       "\n",
       "    .dataframe thead th {\n",
       "        text-align: right;\n",
       "    }\n",
       "</style>\n",
       "<table border=\"1\" class=\"dataframe\">\n",
       "  <thead>\n",
       "    <tr style=\"text-align: right;\">\n",
       "      <th></th>\n",
       "      <th>age</th>\n",
       "      <th>sex</th>\n",
       "      <th>cp</th>\n",
       "      <th>trestbps</th>\n",
       "      <th>chol</th>\n",
       "      <th>fbs</th>\n",
       "      <th>restecg</th>\n",
       "      <th>thalach</th>\n",
       "      <th>exang</th>\n",
       "      <th>oldpeak</th>\n",
       "      <th>slope</th>\n",
       "      <th>ca</th>\n",
       "      <th>thal</th>\n",
       "      <th>target</th>\n",
       "    </tr>\n",
       "  </thead>\n",
       "  <tbody>\n",
       "    <tr>\n",
       "      <th>age</th>\n",
       "      <td>1.000000</td>\n",
       "      <td>-0.098447</td>\n",
       "      <td>-0.068653</td>\n",
       "      <td>0.279351</td>\n",
       "      <td>0.213678</td>\n",
       "      <td>0.121308</td>\n",
       "      <td>-0.116211</td>\n",
       "      <td>-0.398522</td>\n",
       "      <td>0.096801</td>\n",
       "      <td>0.210013</td>\n",
       "      <td>-0.168814</td>\n",
       "      <td>0.276326</td>\n",
       "      <td>0.068001</td>\n",
       "      <td>-0.225439</td>\n",
       "    </tr>\n",
       "    <tr>\n",
       "      <th>sex</th>\n",
       "      <td>-0.098447</td>\n",
       "      <td>1.000000</td>\n",
       "      <td>-0.049353</td>\n",
       "      <td>-0.056769</td>\n",
       "      <td>-0.197912</td>\n",
       "      <td>0.045032</td>\n",
       "      <td>-0.058196</td>\n",
       "      <td>-0.044020</td>\n",
       "      <td>0.141664</td>\n",
       "      <td>0.096093</td>\n",
       "      <td>-0.030711</td>\n",
       "      <td>0.118261</td>\n",
       "      <td>0.210041</td>\n",
       "      <td>-0.280937</td>\n",
       "    </tr>\n",
       "    <tr>\n",
       "      <th>cp</th>\n",
       "      <td>-0.068653</td>\n",
       "      <td>-0.049353</td>\n",
       "      <td>1.000000</td>\n",
       "      <td>0.047608</td>\n",
       "      <td>-0.076904</td>\n",
       "      <td>0.094444</td>\n",
       "      <td>0.044421</td>\n",
       "      <td>0.295762</td>\n",
       "      <td>-0.394280</td>\n",
       "      <td>-0.149230</td>\n",
       "      <td>0.119717</td>\n",
       "      <td>-0.181053</td>\n",
       "      <td>-0.161736</td>\n",
       "      <td>0.433798</td>\n",
       "    </tr>\n",
       "    <tr>\n",
       "      <th>trestbps</th>\n",
       "      <td>0.279351</td>\n",
       "      <td>-0.056769</td>\n",
       "      <td>0.047608</td>\n",
       "      <td>1.000000</td>\n",
       "      <td>0.123174</td>\n",
       "      <td>0.177531</td>\n",
       "      <td>-0.114103</td>\n",
       "      <td>-0.046698</td>\n",
       "      <td>0.067616</td>\n",
       "      <td>0.193216</td>\n",
       "      <td>-0.121475</td>\n",
       "      <td>0.101389</td>\n",
       "      <td>0.062210</td>\n",
       "      <td>-0.144931</td>\n",
       "    </tr>\n",
       "    <tr>\n",
       "      <th>chol</th>\n",
       "      <td>0.213678</td>\n",
       "      <td>-0.197912</td>\n",
       "      <td>-0.076904</td>\n",
       "      <td>0.123174</td>\n",
       "      <td>1.000000</td>\n",
       "      <td>0.013294</td>\n",
       "      <td>-0.151040</td>\n",
       "      <td>-0.009940</td>\n",
       "      <td>0.067023</td>\n",
       "      <td>0.053952</td>\n",
       "      <td>-0.004038</td>\n",
       "      <td>0.070511</td>\n",
       "      <td>0.098803</td>\n",
       "      <td>-0.085239</td>\n",
       "    </tr>\n",
       "    <tr>\n",
       "      <th>fbs</th>\n",
       "      <td>0.121308</td>\n",
       "      <td>0.045032</td>\n",
       "      <td>0.094444</td>\n",
       "      <td>0.177531</td>\n",
       "      <td>0.013294</td>\n",
       "      <td>1.000000</td>\n",
       "      <td>-0.084189</td>\n",
       "      <td>-0.008567</td>\n",
       "      <td>0.025665</td>\n",
       "      <td>0.005747</td>\n",
       "      <td>-0.059894</td>\n",
       "      <td>0.137979</td>\n",
       "      <td>-0.032019</td>\n",
       "      <td>-0.028046</td>\n",
       "    </tr>\n",
       "    <tr>\n",
       "      <th>restecg</th>\n",
       "      <td>-0.116211</td>\n",
       "      <td>-0.058196</td>\n",
       "      <td>0.044421</td>\n",
       "      <td>-0.114103</td>\n",
       "      <td>-0.151040</td>\n",
       "      <td>-0.084189</td>\n",
       "      <td>1.000000</td>\n",
       "      <td>0.044123</td>\n",
       "      <td>-0.070733</td>\n",
       "      <td>-0.058770</td>\n",
       "      <td>0.093045</td>\n",
       "      <td>-0.072042</td>\n",
       "      <td>-0.011981</td>\n",
       "      <td>0.137230</td>\n",
       "    </tr>\n",
       "    <tr>\n",
       "      <th>thalach</th>\n",
       "      <td>-0.398522</td>\n",
       "      <td>-0.044020</td>\n",
       "      <td>0.295762</td>\n",
       "      <td>-0.046698</td>\n",
       "      <td>-0.009940</td>\n",
       "      <td>-0.008567</td>\n",
       "      <td>0.044123</td>\n",
       "      <td>1.000000</td>\n",
       "      <td>-0.378812</td>\n",
       "      <td>-0.344187</td>\n",
       "      <td>0.386784</td>\n",
       "      <td>-0.213177</td>\n",
       "      <td>-0.096439</td>\n",
       "      <td>0.421741</td>\n",
       "    </tr>\n",
       "    <tr>\n",
       "      <th>exang</th>\n",
       "      <td>0.096801</td>\n",
       "      <td>0.141664</td>\n",
       "      <td>-0.394280</td>\n",
       "      <td>0.067616</td>\n",
       "      <td>0.067023</td>\n",
       "      <td>0.025665</td>\n",
       "      <td>-0.070733</td>\n",
       "      <td>-0.378812</td>\n",
       "      <td>1.000000</td>\n",
       "      <td>0.288223</td>\n",
       "      <td>-0.257748</td>\n",
       "      <td>0.115739</td>\n",
       "      <td>0.206754</td>\n",
       "      <td>-0.436757</td>\n",
       "    </tr>\n",
       "    <tr>\n",
       "      <th>oldpeak</th>\n",
       "      <td>0.210013</td>\n",
       "      <td>0.096093</td>\n",
       "      <td>-0.149230</td>\n",
       "      <td>0.193216</td>\n",
       "      <td>0.053952</td>\n",
       "      <td>0.005747</td>\n",
       "      <td>-0.058770</td>\n",
       "      <td>-0.344187</td>\n",
       "      <td>0.288223</td>\n",
       "      <td>1.000000</td>\n",
       "      <td>-0.577537</td>\n",
       "      <td>0.222682</td>\n",
       "      <td>0.210244</td>\n",
       "      <td>-0.430696</td>\n",
       "    </tr>\n",
       "    <tr>\n",
       "      <th>slope</th>\n",
       "      <td>-0.168814</td>\n",
       "      <td>-0.030711</td>\n",
       "      <td>0.119717</td>\n",
       "      <td>-0.121475</td>\n",
       "      <td>-0.004038</td>\n",
       "      <td>-0.059894</td>\n",
       "      <td>0.093045</td>\n",
       "      <td>0.386784</td>\n",
       "      <td>-0.257748</td>\n",
       "      <td>-0.577537</td>\n",
       "      <td>1.000000</td>\n",
       "      <td>-0.080155</td>\n",
       "      <td>-0.104764</td>\n",
       "      <td>0.345877</td>\n",
       "    </tr>\n",
       "    <tr>\n",
       "      <th>ca</th>\n",
       "      <td>0.276326</td>\n",
       "      <td>0.118261</td>\n",
       "      <td>-0.181053</td>\n",
       "      <td>0.101389</td>\n",
       "      <td>0.070511</td>\n",
       "      <td>0.137979</td>\n",
       "      <td>-0.072042</td>\n",
       "      <td>-0.213177</td>\n",
       "      <td>0.115739</td>\n",
       "      <td>0.222682</td>\n",
       "      <td>-0.080155</td>\n",
       "      <td>1.000000</td>\n",
       "      <td>0.151832</td>\n",
       "      <td>-0.391724</td>\n",
       "    </tr>\n",
       "    <tr>\n",
       "      <th>thal</th>\n",
       "      <td>0.068001</td>\n",
       "      <td>0.210041</td>\n",
       "      <td>-0.161736</td>\n",
       "      <td>0.062210</td>\n",
       "      <td>0.098803</td>\n",
       "      <td>-0.032019</td>\n",
       "      <td>-0.011981</td>\n",
       "      <td>-0.096439</td>\n",
       "      <td>0.206754</td>\n",
       "      <td>0.210244</td>\n",
       "      <td>-0.104764</td>\n",
       "      <td>0.151832</td>\n",
       "      <td>1.000000</td>\n",
       "      <td>-0.344029</td>\n",
       "    </tr>\n",
       "    <tr>\n",
       "      <th>target</th>\n",
       "      <td>-0.225439</td>\n",
       "      <td>-0.280937</td>\n",
       "      <td>0.433798</td>\n",
       "      <td>-0.144931</td>\n",
       "      <td>-0.085239</td>\n",
       "      <td>-0.028046</td>\n",
       "      <td>0.137230</td>\n",
       "      <td>0.421741</td>\n",
       "      <td>-0.436757</td>\n",
       "      <td>-0.430696</td>\n",
       "      <td>0.345877</td>\n",
       "      <td>-0.391724</td>\n",
       "      <td>-0.344029</td>\n",
       "      <td>1.000000</td>\n",
       "    </tr>\n",
       "  </tbody>\n",
       "</table>\n",
       "</div>"
      ],
      "text/plain": [
       "               age       sex        cp  trestbps      chol       fbs  \\\n",
       "age       1.000000 -0.098447 -0.068653  0.279351  0.213678  0.121308   \n",
       "sex      -0.098447  1.000000 -0.049353 -0.056769 -0.197912  0.045032   \n",
       "cp       -0.068653 -0.049353  1.000000  0.047608 -0.076904  0.094444   \n",
       "trestbps  0.279351 -0.056769  0.047608  1.000000  0.123174  0.177531   \n",
       "chol      0.213678 -0.197912 -0.076904  0.123174  1.000000  0.013294   \n",
       "fbs       0.121308  0.045032  0.094444  0.177531  0.013294  1.000000   \n",
       "restecg  -0.116211 -0.058196  0.044421 -0.114103 -0.151040 -0.084189   \n",
       "thalach  -0.398522 -0.044020  0.295762 -0.046698 -0.009940 -0.008567   \n",
       "exang     0.096801  0.141664 -0.394280  0.067616  0.067023  0.025665   \n",
       "oldpeak   0.210013  0.096093 -0.149230  0.193216  0.053952  0.005747   \n",
       "slope    -0.168814 -0.030711  0.119717 -0.121475 -0.004038 -0.059894   \n",
       "ca        0.276326  0.118261 -0.181053  0.101389  0.070511  0.137979   \n",
       "thal      0.068001  0.210041 -0.161736  0.062210  0.098803 -0.032019   \n",
       "target   -0.225439 -0.280937  0.433798 -0.144931 -0.085239 -0.028046   \n",
       "\n",
       "           restecg   thalach     exang   oldpeak     slope        ca  \\\n",
       "age      -0.116211 -0.398522  0.096801  0.210013 -0.168814  0.276326   \n",
       "sex      -0.058196 -0.044020  0.141664  0.096093 -0.030711  0.118261   \n",
       "cp        0.044421  0.295762 -0.394280 -0.149230  0.119717 -0.181053   \n",
       "trestbps -0.114103 -0.046698  0.067616  0.193216 -0.121475  0.101389   \n",
       "chol     -0.151040 -0.009940  0.067023  0.053952 -0.004038  0.070511   \n",
       "fbs      -0.084189 -0.008567  0.025665  0.005747 -0.059894  0.137979   \n",
       "restecg   1.000000  0.044123 -0.070733 -0.058770  0.093045 -0.072042   \n",
       "thalach   0.044123  1.000000 -0.378812 -0.344187  0.386784 -0.213177   \n",
       "exang    -0.070733 -0.378812  1.000000  0.288223 -0.257748  0.115739   \n",
       "oldpeak  -0.058770 -0.344187  0.288223  1.000000 -0.577537  0.222682   \n",
       "slope     0.093045  0.386784 -0.257748 -0.577537  1.000000 -0.080155   \n",
       "ca       -0.072042 -0.213177  0.115739  0.222682 -0.080155  1.000000   \n",
       "thal     -0.011981 -0.096439  0.206754  0.210244 -0.104764  0.151832   \n",
       "target    0.137230  0.421741 -0.436757 -0.430696  0.345877 -0.391724   \n",
       "\n",
       "              thal    target  \n",
       "age       0.068001 -0.225439  \n",
       "sex       0.210041 -0.280937  \n",
       "cp       -0.161736  0.433798  \n",
       "trestbps  0.062210 -0.144931  \n",
       "chol      0.098803 -0.085239  \n",
       "fbs      -0.032019 -0.028046  \n",
       "restecg  -0.011981  0.137230  \n",
       "thalach  -0.096439  0.421741  \n",
       "exang     0.206754 -0.436757  \n",
       "oldpeak   0.210244 -0.430696  \n",
       "slope    -0.104764  0.345877  \n",
       "ca        0.151832 -0.391724  \n",
       "thal      1.000000 -0.344029  \n",
       "target   -0.344029  1.000000  "
      ]
     },
     "execution_count": 3,
     "metadata": {},
     "output_type": "execute_result"
    }
   ],
   "source": [
    "dataset = pd.read_csv('todayTask/heart.csv')\n",
    "dataset.corr()"
   ]
  },
  {
   "cell_type": "code",
   "execution_count": 4,
   "metadata": {},
   "outputs": [],
   "source": [
    "features = dataset.iloc[:,0:-1].values\n",
    "goal = dataset.iloc[:,-1].values\n",
    "\n",
    "# standrize the values\n",
    "from sklearn.preprocessing import StandardScaler\n",
    "scaler = StandardScaler()\n",
    "features = scaler.fit_transform(features)\n"
   ]
  },
  {
   "cell_type": "code",
   "execution_count": 5,
   "metadata": {},
   "outputs": [],
   "source": [
    "#import seaborn as sns\n",
    "#df = pd.DataFrame({'Age':features[:,2] , 'Goal':features[:,5]})\n",
    "#sns.lmplot(x='Age', y='Goal', data=df,\n",
    "#            fit_reg=False );   "
   ]
  },
  {
   "cell_type": "code",
   "execution_count": 6,
   "metadata": {},
   "outputs": [],
   "source": [
    "# split into train and test\n",
    "from sklearn.model_selection import train_test_split\n",
    "train_set, test_set, goal_train, goal_test = train_test_split(features,goal,test_size =0.25,random_state=0)"
   ]
  },
  {
   "cell_type": "code",
   "execution_count": 7,
   "metadata": {},
   "outputs": [
    {
     "data": {
      "text/plain": [
       "SVC(C=1.0, cache_size=200, class_weight=None, coef0=0.0,\n",
       "  decision_function_shape='ovr', degree=3, gamma='auto', kernel='linear',\n",
       "  max_iter=-1, probability=False, random_state=0, shrinking=True,\n",
       "  tol=0.001, verbose=False)"
      ]
     },
     "execution_count": 7,
     "metadata": {},
     "output_type": "execute_result"
    }
   ],
   "source": [
    "from sklearn.svm import SVC\n",
    "classifier = SVC(kernel ='linear', random_state = 0)\n",
    "classifier.fit(train_set, goal_train)"
   ]
  },
  {
   "cell_type": "code",
   "execution_count": 8,
   "metadata": {},
   "outputs": [
    {
     "name": "stdout",
     "output_type": "stream",
     "text": [
      "0.8552631578947368\n"
     ]
    },
    {
     "data": {
      "text/html": [
       "<div>\n",
       "<style scoped>\n",
       "    .dataframe tbody tr th:only-of-type {\n",
       "        vertical-align: middle;\n",
       "    }\n",
       "\n",
       "    .dataframe tbody tr th {\n",
       "        vertical-align: top;\n",
       "    }\n",
       "\n",
       "    .dataframe thead th {\n",
       "        text-align: right;\n",
       "    }\n",
       "</style>\n",
       "<table border=\"1\" class=\"dataframe\">\n",
       "  <thead>\n",
       "    <tr style=\"text-align: right;\">\n",
       "      <th></th>\n",
       "      <th>0</th>\n",
       "      <th>1</th>\n",
       "    </tr>\n",
       "  </thead>\n",
       "  <tbody>\n",
       "    <tr>\n",
       "      <th>0</th>\n",
       "      <td>24</td>\n",
       "      <td>9</td>\n",
       "    </tr>\n",
       "    <tr>\n",
       "      <th>1</th>\n",
       "      <td>2</td>\n",
       "      <td>41</td>\n",
       "    </tr>\n",
       "  </tbody>\n",
       "</table>\n",
       "</div>"
      ],
      "text/plain": [
       "    0   1\n",
       "0  24   9\n",
       "1   2  41"
      ]
     },
     "execution_count": 8,
     "metadata": {},
     "output_type": "execute_result"
    }
   ],
   "source": [
    "from sklearn.metrics import confusion_matrix\n",
    "cm = confusion_matrix(goal_test, classifier.predict(test_set))\n",
    "print(classifier.score(test_set, goal_test))\n",
    "pd.DataFrame(cm)"
   ]
  },
  {
   "cell_type": "markdown",
   "metadata": {},
   "source": [
    "# using KNN"
   ]
  },
  {
   "cell_type": "code",
   "execution_count": 9,
   "metadata": {},
   "outputs": [
    {
     "name": "stdout",
     "output_type": "stream",
     "text": [
      "K = 1\n",
      "-------------\n",
      "    0   1\n",
      "0  27   6\n",
      "1  10  33\n",
      "model accuracy : 0.7895\n",
      "-------------\n",
      "\n",
      "\n",
      "K = 3\n",
      "-------------\n",
      "    0   1\n",
      "0  27   6\n",
      "1   6  37\n",
      "model accuracy : 0.8421\n",
      "-------------\n",
      "\n",
      "\n",
      "K = 5\n",
      "-------------\n",
      "    0   1\n",
      "0  25   8\n",
      "1   4  39\n",
      "model accuracy : 0.8421\n",
      "-------------\n",
      "\n",
      "\n",
      "K = 10\n",
      "-------------\n",
      "    0   1\n",
      "0  25   8\n",
      "1   4  39\n",
      "model accuracy : 0.8421\n",
      "-------------\n",
      "\n",
      "\n",
      "K = 20\n",
      "-------------\n",
      "    0   1\n",
      "0  22  11\n",
      "1   3  40\n",
      "model accuracy : 0.8158\n",
      "-------------\n",
      "\n",
      "\n",
      "K = 100\n",
      "-------------\n",
      "    0   1\n",
      "0  19  14\n",
      "1   2  41\n",
      "model accuracy : 0.7895\n",
      "-------------\n",
      "\n",
      "\n",
      "K = 150\n",
      "-------------\n",
      "    0   1\n",
      "0  18  15\n",
      "1   0  43\n",
      "model accuracy : 0.8026\n",
      "-------------\n",
      "\n",
      "\n",
      "K = 227\n",
      "-------------\n",
      "   0   1\n",
      "0  0  33\n",
      "1  0  43\n",
      "model accuracy : 0.5658\n",
      "-------------\n",
      "\n",
      "\n"
     ]
    }
   ],
   "source": [
    "from sklearn.neighbors import KNeighborsClassifier\n",
    "for K in [1, 3, 5, 10, 20, 100, 150, len(train_set)]:\n",
    "    classifier = KNeighborsClassifier(n_neighbors=K)\n",
    "    classifier.fit(train_set, goal_train)\n",
    "    cm = confusion_matrix(goal_test, classifier.predict(test_set))\n",
    "    print('K = %d\\n-------------'%K)\n",
    "    print(pd.DataFrame(cm))\n",
    "    print(\"model accuracy : {:.4f}\".format(classifier.score(test_set, goal_test)))\n",
    "    print('-------------\\n\\n')"
   ]
  },
  {
   "cell_type": "markdown",
   "metadata": {},
   "source": [
    "# Using Logistic Reg"
   ]
  },
  {
   "cell_type": "code",
   "execution_count": 10,
   "metadata": {},
   "outputs": [
    {
     "data": {
      "text/plain": [
       "LogisticRegression(C=1.0, class_weight=None, dual=False, fit_intercept=True,\n",
       "          intercept_scaling=1, max_iter=100, multi_class='ovr', n_jobs=1,\n",
       "          penalty='l2', random_state=0, solver='liblinear', tol=0.0001,\n",
       "          verbose=0, warm_start=False)"
      ]
     },
     "execution_count": 10,
     "metadata": {},
     "output_type": "execute_result"
    }
   ],
   "source": [
    "from sklearn.linear_model import LogisticRegression\n",
    "logistic = LogisticRegression(random_state = 0)\n",
    "logistic.fit(train_set, goal_train)"
   ]
  },
  {
   "cell_type": "code",
   "execution_count": 11,
   "metadata": {},
   "outputs": [
    {
     "data": {
      "text/html": [
       "<div>\n",
       "<style scoped>\n",
       "    .dataframe tbody tr th:only-of-type {\n",
       "        vertical-align: middle;\n",
       "    }\n",
       "\n",
       "    .dataframe tbody tr th {\n",
       "        vertical-align: top;\n",
       "    }\n",
       "\n",
       "    .dataframe thead th {\n",
       "        text-align: right;\n",
       "    }\n",
       "</style>\n",
       "<table border=\"1\" class=\"dataframe\">\n",
       "  <thead>\n",
       "    <tr style=\"text-align: right;\">\n",
       "      <th></th>\n",
       "      <th>0</th>\n",
       "      <th>1</th>\n",
       "    </tr>\n",
       "  </thead>\n",
       "  <tbody>\n",
       "    <tr>\n",
       "      <th>0</th>\n",
       "      <td>24</td>\n",
       "      <td>9</td>\n",
       "    </tr>\n",
       "    <tr>\n",
       "      <th>1</th>\n",
       "      <td>4</td>\n",
       "      <td>39</td>\n",
       "    </tr>\n",
       "  </tbody>\n",
       "</table>\n",
       "</div>"
      ],
      "text/plain": [
       "    0   1\n",
       "0  24   9\n",
       "1   4  39"
      ]
     },
     "execution_count": 11,
     "metadata": {},
     "output_type": "execute_result"
    }
   ],
   "source": [
    "from sklearn.metrics import confusion_matrix\n",
    "cm = confusion_matrix(goal_test, logistic.predict(test_set))\n",
    "pd.DataFrame(cm)"
   ]
  },
  {
   "cell_type": "code",
   "execution_count": 12,
   "metadata": {},
   "outputs": [
    {
     "data": {
      "text/plain": [
       "0.8289473684210527"
      ]
     },
     "execution_count": 12,
     "metadata": {},
     "output_type": "execute_result"
    }
   ],
   "source": [
    "#%%time\n",
    "logistic.score(test_set, goal_test)"
   ]
  },
  {
   "cell_type": "markdown",
   "metadata": {},
   "source": [
    "# Bank"
   ]
  },
  {
   "cell_type": "code",
   "execution_count": 28,
   "metadata": {},
   "outputs": [
    {
     "data": {
      "text/html": [
       "<div>\n",
       "<style scoped>\n",
       "    .dataframe tbody tr th:only-of-type {\n",
       "        vertical-align: middle;\n",
       "    }\n",
       "\n",
       "    .dataframe tbody tr th {\n",
       "        vertical-align: top;\n",
       "    }\n",
       "\n",
       "    .dataframe thead th {\n",
       "        text-align: right;\n",
       "    }\n",
       "</style>\n",
       "<table border=\"1\" class=\"dataframe\">\n",
       "  <thead>\n",
       "    <tr style=\"text-align: right;\">\n",
       "      <th></th>\n",
       "      <th>age</th>\n",
       "      <th>marital</th>\n",
       "      <th>education</th>\n",
       "      <th>balance</th>\n",
       "      <th>day</th>\n",
       "      <th>duration</th>\n",
       "      <th>campaign</th>\n",
       "      <th>pdays</th>\n",
       "      <th>previous</th>\n",
       "      <th>y</th>\n",
       "    </tr>\n",
       "  </thead>\n",
       "  <tbody>\n",
       "    <tr>\n",
       "      <th>age</th>\n",
       "      <td>1.000000</td>\n",
       "      <td>-0.403240</td>\n",
       "      <td>-0.106807</td>\n",
       "      <td>0.097783</td>\n",
       "      <td>-0.009120</td>\n",
       "      <td>-0.004648</td>\n",
       "      <td>0.004760</td>\n",
       "      <td>-0.023758</td>\n",
       "      <td>0.001288</td>\n",
       "      <td>0.025155</td>\n",
       "    </tr>\n",
       "    <tr>\n",
       "      <th>marital</th>\n",
       "      <td>-0.403240</td>\n",
       "      <td>1.000000</td>\n",
       "      <td>0.108576</td>\n",
       "      <td>0.002122</td>\n",
       "      <td>-0.005261</td>\n",
       "      <td>0.011852</td>\n",
       "      <td>-0.008994</td>\n",
       "      <td>0.019172</td>\n",
       "      <td>0.014973</td>\n",
       "      <td>0.045588</td>\n",
       "    </tr>\n",
       "    <tr>\n",
       "      <th>education</th>\n",
       "      <td>-0.106807</td>\n",
       "      <td>0.108576</td>\n",
       "      <td>1.000000</td>\n",
       "      <td>0.064514</td>\n",
       "      <td>0.022671</td>\n",
       "      <td>0.001935</td>\n",
       "      <td>0.006255</td>\n",
       "      <td>0.000052</td>\n",
       "      <td>0.017570</td>\n",
       "      <td>0.066241</td>\n",
       "    </tr>\n",
       "    <tr>\n",
       "      <th>balance</th>\n",
       "      <td>0.097783</td>\n",
       "      <td>0.002122</td>\n",
       "      <td>0.064514</td>\n",
       "      <td>1.000000</td>\n",
       "      <td>0.004503</td>\n",
       "      <td>0.021560</td>\n",
       "      <td>-0.014578</td>\n",
       "      <td>0.003435</td>\n",
       "      <td>0.016674</td>\n",
       "      <td>0.052838</td>\n",
       "    </tr>\n",
       "    <tr>\n",
       "      <th>day</th>\n",
       "      <td>-0.009120</td>\n",
       "      <td>-0.005261</td>\n",
       "      <td>0.022671</td>\n",
       "      <td>0.004503</td>\n",
       "      <td>1.000000</td>\n",
       "      <td>-0.030206</td>\n",
       "      <td>0.162490</td>\n",
       "      <td>-0.093044</td>\n",
       "      <td>-0.051710</td>\n",
       "      <td>-0.028348</td>\n",
       "    </tr>\n",
       "    <tr>\n",
       "      <th>duration</th>\n",
       "      <td>-0.004648</td>\n",
       "      <td>0.011852</td>\n",
       "      <td>0.001935</td>\n",
       "      <td>0.021560</td>\n",
       "      <td>-0.030206</td>\n",
       "      <td>1.000000</td>\n",
       "      <td>-0.084570</td>\n",
       "      <td>-0.001565</td>\n",
       "      <td>0.001203</td>\n",
       "      <td>0.394521</td>\n",
       "    </tr>\n",
       "    <tr>\n",
       "      <th>campaign</th>\n",
       "      <td>0.004760</td>\n",
       "      <td>-0.008994</td>\n",
       "      <td>0.006255</td>\n",
       "      <td>-0.014578</td>\n",
       "      <td>0.162490</td>\n",
       "      <td>-0.084570</td>\n",
       "      <td>1.000000</td>\n",
       "      <td>-0.088628</td>\n",
       "      <td>-0.032855</td>\n",
       "      <td>-0.073172</td>\n",
       "    </tr>\n",
       "    <tr>\n",
       "      <th>pdays</th>\n",
       "      <td>-0.023758</td>\n",
       "      <td>0.019172</td>\n",
       "      <td>0.000052</td>\n",
       "      <td>0.003435</td>\n",
       "      <td>-0.093044</td>\n",
       "      <td>-0.001565</td>\n",
       "      <td>-0.088628</td>\n",
       "      <td>1.000000</td>\n",
       "      <td>0.454820</td>\n",
       "      <td>0.103621</td>\n",
       "    </tr>\n",
       "    <tr>\n",
       "      <th>previous</th>\n",
       "      <td>0.001288</td>\n",
       "      <td>0.014973</td>\n",
       "      <td>0.017570</td>\n",
       "      <td>0.016674</td>\n",
       "      <td>-0.051710</td>\n",
       "      <td>0.001203</td>\n",
       "      <td>-0.032855</td>\n",
       "      <td>0.454820</td>\n",
       "      <td>1.000000</td>\n",
       "      <td>0.093236</td>\n",
       "    </tr>\n",
       "    <tr>\n",
       "      <th>y</th>\n",
       "      <td>0.025155</td>\n",
       "      <td>0.045588</td>\n",
       "      <td>0.066241</td>\n",
       "      <td>0.052838</td>\n",
       "      <td>-0.028348</td>\n",
       "      <td>0.394521</td>\n",
       "      <td>-0.073172</td>\n",
       "      <td>0.103621</td>\n",
       "      <td>0.093236</td>\n",
       "      <td>1.000000</td>\n",
       "    </tr>\n",
       "  </tbody>\n",
       "</table>\n",
       "</div>"
      ],
      "text/plain": [
       "                age   marital  education   balance       day  duration  \\\n",
       "age        1.000000 -0.403240  -0.106807  0.097783 -0.009120 -0.004648   \n",
       "marital   -0.403240  1.000000   0.108576  0.002122 -0.005261  0.011852   \n",
       "education -0.106807  0.108576   1.000000  0.064514  0.022671  0.001935   \n",
       "balance    0.097783  0.002122   0.064514  1.000000  0.004503  0.021560   \n",
       "day       -0.009120 -0.005261   0.022671  0.004503  1.000000 -0.030206   \n",
       "duration  -0.004648  0.011852   0.001935  0.021560 -0.030206  1.000000   \n",
       "campaign   0.004760 -0.008994   0.006255 -0.014578  0.162490 -0.084570   \n",
       "pdays     -0.023758  0.019172   0.000052  0.003435 -0.093044 -0.001565   \n",
       "previous   0.001288  0.014973   0.017570  0.016674 -0.051710  0.001203   \n",
       "y          0.025155  0.045588   0.066241  0.052838 -0.028348  0.394521   \n",
       "\n",
       "           campaign     pdays  previous         y  \n",
       "age        0.004760 -0.023758  0.001288  0.025155  \n",
       "marital   -0.008994  0.019172  0.014973  0.045588  \n",
       "education  0.006255  0.000052  0.017570  0.066241  \n",
       "balance   -0.014578  0.003435  0.016674  0.052838  \n",
       "day        0.162490 -0.093044 -0.051710 -0.028348  \n",
       "duration  -0.084570 -0.001565  0.001203  0.394521  \n",
       "campaign   1.000000 -0.088628 -0.032855 -0.073172  \n",
       "pdays     -0.088628  1.000000  0.454820  0.103621  \n",
       "previous  -0.032855  0.454820  1.000000  0.093236  \n",
       "y         -0.073172  0.103621  0.093236  1.000000  "
      ]
     },
     "execution_count": 28,
     "metadata": {},
     "output_type": "execute_result"
    }
   ],
   "source": [
    "bank = pd.read_csv('todayTask/bank-full.csv' , sep=';')\n",
    "\n",
    "from sklearn.preprocessing import LabelEncoder\n",
    "encoder = LabelEncoder()\n",
    "bank.iloc[:,-1] = encoder.fit_transform(bank.iloc[:,-1])\n",
    "bank.iloc[:,2] = encoder.fit_transform(bank.iloc[:,2])\n",
    "bank.iloc[:,3] = encoder.fit_transform(bank.iloc[:,3])\n",
    "\n",
    "bank.corr()"
   ]
  },
  {
   "cell_type": "code",
   "execution_count": 29,
   "metadata": {},
   "outputs": [
    {
     "name": "stderr",
     "output_type": "stream",
     "text": [
      "C:\\ProgramData\\Anaconda3\\lib\\site-packages\\sklearn\\utils\\validation.py:475: DataConversionWarning: Data with input dtype int64 was converted to float64 by StandardScaler.\n",
      "  warnings.warn(msg, DataConversionWarning)\n"
     ]
    }
   ],
   "source": [
    "features = bank.iloc[:,[0,2,3,5]].values\n",
    "goal = bank.iloc[:,-1].values\n",
    "\n",
    "# standrize the values\n",
    "from sklearn.preprocessing import StandardScaler\n",
    "scaler = StandardScaler()\n",
    "features = scaler.fit_transform(features)\n"
   ]
  },
  {
   "cell_type": "code",
   "execution_count": 30,
   "metadata": {},
   "outputs": [],
   "source": [
    "# split into train and test\n",
    "from sklearn.model_selection import train_test_split\n",
    "train_set, test_set, goal_train, goal_test = train_test_split(features,goal,test_size =0.20,random_state=0)"
   ]
  },
  {
   "cell_type": "markdown",
   "metadata": {},
   "source": [
    "# Using Linear SVM"
   ]
  },
  {
   "cell_type": "code",
   "execution_count": null,
   "metadata": {},
   "outputs": [
    {
     "name": "stdout",
     "output_type": "stream",
     "text": [
      "0.8824505142098861\n"
     ]
    },
    {
     "data": {
      "text/html": [
       "<div>\n",
       "<style scoped>\n",
       "    .dataframe tbody tr th:only-of-type {\n",
       "        vertical-align: middle;\n",
       "    }\n",
       "\n",
       "    .dataframe tbody tr th {\n",
       "        vertical-align: top;\n",
       "    }\n",
       "\n",
       "    .dataframe thead th {\n",
       "        text-align: right;\n",
       "    }\n",
       "</style>\n",
       "<table border=\"1\" class=\"dataframe\">\n",
       "  <thead>\n",
       "    <tr style=\"text-align: right;\">\n",
       "      <th></th>\n",
       "      <th>0</th>\n",
       "      <th>1</th>\n",
       "    </tr>\n",
       "  </thead>\n",
       "  <tbody>\n",
       "    <tr>\n",
       "      <th>0</th>\n",
       "      <td>7980</td>\n",
       "      <td>0</td>\n",
       "    </tr>\n",
       "    <tr>\n",
       "      <th>1</th>\n",
       "      <td>1063</td>\n",
       "      <td>0</td>\n",
       "    </tr>\n",
       "  </tbody>\n",
       "</table>\n",
       "</div>"
      ],
      "text/plain": [
       "      0  1\n",
       "0  7980  0\n",
       "1  1063  0"
      ]
     },
     "execution_count": 31,
     "metadata": {},
     "output_type": "execute_result"
    }
   ],
   "source": [
    "from sklearn.svm import SVC\n",
    "classifier = SVC(kernel ='linear', random_state = 0)\n",
    "classifier.fit(train_set, goal_train)\n",
    "\n",
    "from sklearn.metrics import confusion_matrix\n",
    "cm = confusion_matrix(goal_test, classifier.predict(test_set))\n",
    "print(classifier.score(test_set, goal_test))\n",
    "pd.DataFrame(cm)"
   ]
  },
  {
   "cell_type": "markdown",
   "metadata": {},
   "source": [
    "# Using KNN"
   ]
  },
  {
   "cell_type": "code",
   "execution_count": null,
   "metadata": {},
   "outputs": [
    {
     "name": "stdout",
     "output_type": "stream",
     "text": [
      "model accuracy : 0.8202\n",
      "K = 1\n",
      "-------------\n",
      "      0    1\n",
      "0  7136  844\n",
      "1   782  281\n",
      "-------------\n",
      "\n",
      "\n",
      "model accuracy : 0.8567\n",
      "K = 3\n",
      "-------------\n",
      "      0    1\n",
      "0  7579  401\n",
      "1   895  168\n",
      "-------------\n",
      "\n",
      "\n",
      "model accuracy : 0.8717\n",
      "K = 5\n",
      "-------------\n",
      "      0    1\n",
      "0  7777  203\n",
      "1   957  106\n",
      "-------------\n",
      "\n",
      "\n",
      "model accuracy : 0.8817\n",
      "K = 10\n",
      "-------------\n",
      "      0   1\n",
      "0  7935  45\n",
      "1  1025  38\n",
      "-------------\n",
      "\n",
      "\n",
      "model accuracy : 0.8825\n",
      "K = 20\n",
      "-------------\n",
      "      0   1\n",
      "0  7959  21\n",
      "1  1042  21\n",
      "-------------\n",
      "\n",
      "\n",
      "model accuracy : 0.8826\n",
      "K = 100\n",
      "-------------\n",
      "      0  1\n",
      "0  7979  1\n",
      "1  1061  2\n",
      "-------------\n",
      "\n",
      "\n",
      "model accuracy : 0.8825\n",
      "K = 150\n",
      "-------------\n",
      "      0  1\n",
      "0  7980  0\n",
      "1  1063  0\n",
      "-------------\n",
      "\n",
      "\n",
      "model accuracy : 0.8825\n"
     ]
    }
   ],
   "source": [
    "from sklearn.neighbors import KNeighborsClassifier\n",
    "for K in [1, 3, 5, 10, 20, 100, 150, len(test_set)]:\n",
    "    classifier = KNeighborsClassifier(n_neighbors=K)\n",
    "    classifier.fit(train_set, goal_train)\n",
    "    print(\"model accuracy : {:.4f}\".format(classifier.score(test_set, goal_test)))\n",
    "\n",
    "    cm = confusion_matrix(goal_test, classifier.predict(test_set))\n",
    "    print('K = %d\\n-------------'%K)\n",
    "    print(pd.DataFrame(cm))\n",
    "    print('-------------\\n\\n')"
   ]
  },
  {
   "cell_type": "markdown",
   "metadata": {},
   "source": [
    "# Using Logistic"
   ]
  },
  {
   "cell_type": "code",
   "execution_count": null,
   "metadata": {},
   "outputs": [],
   "source": [
    "from sklearn.linear_model import LogisticRegression\n",
    "logistic = LogisticRegression(random_state = 0)\n",
    "logistic.fit(train_set, goal_train)\n",
    "\n",
    "from sklearn.metrics import confusion_matrix\n",
    "cm = confusion_matrix(goal_test, logistic.predict(test_set))\n",
    "pd.DataFrame(cm)\n",
    "\n",
    "logistic.score(test_set, goal_test)"
   ]
  },
  {
   "cell_type": "markdown",
   "metadata": {},
   "source": [
    "# Using Naive Bays"
   ]
  },
  {
   "cell_type": "code",
   "execution_count": 25,
   "metadata": {},
   "outputs": [
    {
     "name": "stdout",
     "output_type": "stream",
     "text": [
      "0.8524590163934426\n"
     ]
    },
    {
     "data": {
      "text/html": [
       "<div>\n",
       "<style scoped>\n",
       "    .dataframe tbody tr th:only-of-type {\n",
       "        vertical-align: middle;\n",
       "    }\n",
       "\n",
       "    .dataframe tbody tr th {\n",
       "        vertical-align: top;\n",
       "    }\n",
       "\n",
       "    .dataframe thead th {\n",
       "        text-align: right;\n",
       "    }\n",
       "</style>\n",
       "<table border=\"1\" class=\"dataframe\">\n",
       "  <thead>\n",
       "    <tr style=\"text-align: right;\">\n",
       "      <th></th>\n",
       "      <th>0</th>\n",
       "      <th>1</th>\n",
       "    </tr>\n",
       "  </thead>\n",
       "  <tbody>\n",
       "    <tr>\n",
       "      <th>0</th>\n",
       "      <td>21</td>\n",
       "      <td>6</td>\n",
       "    </tr>\n",
       "    <tr>\n",
       "      <th>1</th>\n",
       "      <td>3</td>\n",
       "      <td>31</td>\n",
       "    </tr>\n",
       "  </tbody>\n",
       "</table>\n",
       "</div>"
      ],
      "text/plain": [
       "    0   1\n",
       "0  21   6\n",
       "1   3  31"
      ]
     },
     "execution_count": 25,
     "metadata": {},
     "output_type": "execute_result"
    }
   ],
   "source": [
    "from sklearn.naive_bayes import GaussianNB\n",
    "classifier = GaussianNB()\n",
    "classifier.fit(train_set, goal_train)\n",
    "\n",
    "from sklearn.metrics import confusion_matrix\n",
    "cm = confusion_matrix(goal_test, classifier.predict(test_set))\n",
    "print(classifier.score(test_set, goal_test))\n",
    "pd.DataFrame(cm)"
   ]
  },
  {
   "cell_type": "markdown",
   "metadata": {},
   "source": [
    "# Using Decision Tree"
   ]
  },
  {
   "cell_type": "code",
   "execution_count": 26,
   "metadata": {},
   "outputs": [
    {
     "name": "stdout",
     "output_type": "stream",
     "text": [
      "0.7704918032786885\n"
     ]
    },
    {
     "data": {
      "text/html": [
       "<div>\n",
       "<style scoped>\n",
       "    .dataframe tbody tr th:only-of-type {\n",
       "        vertical-align: middle;\n",
       "    }\n",
       "\n",
       "    .dataframe tbody tr th {\n",
       "        vertical-align: top;\n",
       "    }\n",
       "\n",
       "    .dataframe thead th {\n",
       "        text-align: right;\n",
       "    }\n",
       "</style>\n",
       "<table border=\"1\" class=\"dataframe\">\n",
       "  <thead>\n",
       "    <tr style=\"text-align: right;\">\n",
       "      <th></th>\n",
       "      <th>0</th>\n",
       "      <th>1</th>\n",
       "    </tr>\n",
       "  </thead>\n",
       "  <tbody>\n",
       "    <tr>\n",
       "      <th>0</th>\n",
       "      <td>22</td>\n",
       "      <td>5</td>\n",
       "    </tr>\n",
       "    <tr>\n",
       "      <th>1</th>\n",
       "      <td>9</td>\n",
       "      <td>25</td>\n",
       "    </tr>\n",
       "  </tbody>\n",
       "</table>\n",
       "</div>"
      ],
      "text/plain": [
       "    0   1\n",
       "0  22   5\n",
       "1   9  25"
      ]
     },
     "execution_count": 26,
     "metadata": {},
     "output_type": "execute_result"
    }
   ],
   "source": [
    "from sklearn.tree import DecisionTreeClassifier\n",
    "classifier = DecisionTreeClassifier(random_state=0)\n",
    "classifier.fit(train_set, goal_train)\n",
    "\n",
    "from sklearn.metrics import confusion_matrix\n",
    "cm = confusion_matrix(goal_test, classifier.predict(test_set))\n",
    "print(classifier.score(test_set, goal_test))\n",
    "pd.DataFrame(cm)"
   ]
  },
  {
   "cell_type": "markdown",
   "metadata": {},
   "source": [
    "# Using Gaussian SVM"
   ]
  },
  {
   "cell_type": "code",
   "execution_count": 27,
   "metadata": {},
   "outputs": [
    {
     "name": "stdout",
     "output_type": "stream",
     "text": [
      "0.8688524590163934\n"
     ]
    },
    {
     "data": {
      "text/html": [
       "<div>\n",
       "<style scoped>\n",
       "    .dataframe tbody tr th:only-of-type {\n",
       "        vertical-align: middle;\n",
       "    }\n",
       "\n",
       "    .dataframe tbody tr th {\n",
